System ID	Database ID	Patient Number	Surname	First Name	Sex	Date Of Birth	Patient ID	Patient Code	SESSION_ID	SP	DP	MP	DATA_REV	DATETIME	MEDICATION	NOTES	OPERATOR	HEIGHT	WEIGHT	BODY_MASS_INDEX	SAMPLE_RATE	SUB_TYPE	P_MAX_DPDT	ED	QUALITY_ED	P_QC_PH	P_QC_PHV	P_QC_PLV	P_QC_DV	P_SP	P_DP	P_MEANP	P_T1	P_T2	P_AI	ED	CalcED	P_ESP	P_P1	P_P2	P_T1ED	P_T2ED	P_QUALITY_T1	P_QUALITY_T2	C_AP	C_MPS	C_MPD	C_TTI	C_DTI	C_SVI	HR	C_PERIOD	C_DD	C_ED_PERIOD	C_DD_PERIOD	C_PH	C_AGPH	C_AGPH_HR75	C_P1_HEIGHT	C_T1R	C_CO_TTIME	C_CO_AREA_A	C_CO_AREA_B	C_CO_AREA_C	C_CO_AREA_D	C_CO_MP_A	C_CO_MP_C	C_SP	C_DP	C_MEANP	C_T1	C_T2	C_AI	ED	CalcED	C_ESP	C_P1	C_P2	C_T1ED	C_T2ED	C_QUALITY_T1	C_QUALITY_T2
00516	DATA	5362	Trafis	Mieczyslaw	MALE	03-10-1954	awr0598		1	112	77	0	120	01-07-2014 11:50:03		awr0a		178	100	31,56	128	RADIAL	498	283	0	37	3	2	3	112	77	90	113	193	80	283	283	92	112	105	40	68	1	1	5	97	87	1984	3428	173	72	828	545	34	66	25	22	21	20	140	80	-9999	-9999	-9999	-9999	-9999	-9999	104	79	90	107	204	128	283	283	99	98	104	38	72	1	1

PeriphSignal 	 CentralSignal 	 PeriphPulse 	 CentralPulse 
94,0	87,0	77,3	78,62
92,0	87,0	78,48	79,26
92,0	86,0	80,37	80,28
91,0	86,0	82,92	81,68
91,0	86,0	86,04	83,41
90,0	85,0	89,66	85,38
91,0	85,0	93,5	87,46
91,0	85,0	97,38	89,55
91,0	85,0	101,12	91,52
91,0	84,0	104,42	93,29
93,0	84,0	107,22	94,81
92,0	84,0	109,41	96,03
92,0	83,0	110,86	96,99
92,0	83,0	111,67	97,74
93,0	83,0	112,06	98,35
92,0	82,0	112,08	98,87
91,0	82,0	111,76	99,38
91,0	82,0	111,2	99,9
91,0	81,0	110,53	100,44
91,0	81,0	109,8	101,01
90,0	81,0	108,97	101,57
90,0	81,0	108,14	102,11
89,0	81,0	107,42	102,61
88,0	81,0	106,61	103,03
89,0	80,0	105,82	103,37
88,0	80,0	105,06	103,6
88,0	80,0	104,24	103,69
87,0	80,0	103,25	103,65
87,0	79,0	102,24	103,44
86,0	79,0	101,08	103,08
86,0	79,0	99,78	102,59
85,0	79,0	98,37	102,01
84,0	79,0	97,02	101,36
84,0	78,0	95,67	100,69
83,0	78,0	94,45	100,03
83,0	78,0	93,38	99,41
83,0	77,0	92,61	98,86
82,0	77,0	92,06	98,38
83,0	77,0	91,74	97,97
82,0	77,0	91,57	97,61
82,0	77,0	91,59	97,29
82,0	77,0	91,71	96,98
82,0	77,0	91,85	96,65
81,0	79,0	92,02	96,31
81,0	80,0	92,26	95,95
81,0	82,0	92,38	95,55
81,0	84,0	92,36	95,13
80,0	86,0	92,37	94,69
80,0	89,0	92,27	94,24
80,0	91,0	92,07	93,8
80,0	92,0	91,87	93,38
80,0	94,0	91,62	92,96
80,0	95,0	91,27	92,56
80,0	95,0	90,88	92,16
80,0	96,0	90,37	91,77
80,0	97,0	89,88	91,37
79,0	97,0	89,45	90,98
79,0	98,0	88,92	90,61
79,0	98,0	88,41	90,26
79,0	99,0	88,07	89,92
79,0	99,0	87,67	89,59
78,0	100,0	87,16	89,26
78,0	100,0	86,73	88,93
78,0	101,0	86,38	88,59
77,0	101,0	85,87	88,24
76,0	102,0	85,43	87,9
76,0	102,0	85,07	87,56
77,0	102,0	84,69	87,23
75,0	102,0	84,31	86,9
75,0	102,0	83,95	86,58
75,0	101,0	83,62	86,26
75,0	101,0	83,34	85,94
76,0	100,0	83,1	85,62
78,0	100,0	82,84	85,3
79,0	99,0	82,57	84,98
83,0	99,0	82,34	84,66
87,0	98,0	82,04	84,35
91,0	97,0	81,83	84,05
95,0	97,0	81,62	83,78
99,0	96,0	81,49	83,52
103,0	96,0	81,35	83,29
106,0	96,0	81,31	83,09
108,0	96,0	81,25	82,89
109,0	95,0	81,19	82,71
110,0	95,0	81,11	82,52
111,0	95,0	81,05	82,33
110,0	94,0	80,93	82,13
111,0	94,0	80,76	81,93
110,0	93,0	80,64	81,73
109,0	93,0	80,49	81,51
109,0	92,0	80,26	81,27
108,0	92,0	79,96	81,02
107,0	91,0	79,68	80,77
107,0	91,0	79,42	80,52
105,0	91,0	79,11	80,27
105,0	91,0	78,78	80,02
104,0	91,0	78,47	79,77
104,0	90,0	78,13	79,51
103,0	89,0	77,77	79,26
102,0	89,0	77,42	79,02
101,0	88,0	77,2	78,8
99,0	88,0	76,93	78,6
98,0	88,0	76,78	78,46
97,0	88,0	76,69	78,36
96,0	88,0	76,72	78,32
94,0	87,0	76,85	78,26
93,0	87,0	76,95	78,22
92,0	87,0
92,0	86,0
91,0	86,0
90,0	85,0
91,0	85,0
91,0	85,0
91,0	84,0
91,0	84,0
91,0	84,0
92,0	84,0
92,0	83,0
91,0	83,0
91,0	83,0
91,0	83,0
91,0	82,0
90,0	82,0
91,0	82,0
90,0	82,0
91,0	82,0
90,0	81,0
90,0	81,0
89,0	81,0
87,0	81,0
88,0	80,0
87,0	80,0
85,0	80,0
86,0	79,0
86,0	79,0
86,0	79,0
86,0	79,0
85,0	79,0
84,0	78,0
84,0	78,0
84,0	78,0
83,0	78,0
83,0	78,0
82,0	78,0
83,0	78,0
82,0	78,0
83,0	78,0
82,0	80,0
81,0	82,0
81,0	84,0
81,0	86,0
82,0	88,0
81,0	90,0
80,0	92,0
80,0	93,0
81,0	95,0
81,0	96,0
81,0	96,0
80,0	97,0
80,0	97,0
80,0	98,0
79,0	98,0
80,0	99,0
79,0	99,0
78,0	100,0
78,0	100,0
78,0	101,0
78,0	101,0
78,0	102,0
77,0	102,0
77,0	102,0
77,0	102,0
77,0	102,0
77,0	102,0
77,0	101,0
76,0	101,0
77,0	100,0
79,0	99,0
82,0	99,0
86,0	98,0
89,0	98,0
93,0	97,0
97,0	97,0
101,0	97,0
105,0	96,0
107,0	96,0
109,0	96,0
110,0	95,0
111,0	95,0
111,0	95,0
110,0	95,0
111,0	94,0
109,0	94,0
109,0	93,0
109,0	93,0
107,0	92,0
107,0	92,0
106,0	91,0
105,0	91,0
104,0	91,0
104,0	90,0
103,0	90,0
103,0	89,0
101,0	89,0
101,0	89,0
99,0	89,0
97,0	89,0
97,0	88,0
95,0	88,0
93,0	87,0
93,0	87,0
92,0	86,0
92,0	86,0
91,0	86,0
91,0	86,0
91,0	85,0
92,0	85,0
91,0	85,0
91,0	85,0
92,0	84,0
93,0	84,0
93,0	84,0
92,0	83,0
93,0	83,0
92,0	83,0
91,0	83,0
91,0	82,0
90,0	82,0
91,0	82,0
90,0	82,0
89,0	82,0
89,0	81,0
89,0	81,0
87,0	81,0
87,0	81,0
87,0	81,0
88,0	81,0
87,0	80,0
86,0	80,0
86,0	80,0
85,0	79,0
85,0	79,0
84,0	79,0
84,0	78,0
84,0	78,0
83,0	78,0
83,0	78,0
83,0	78,0
83,0	78,0
83,0	78,0
82,0	78,0
82,0	79,0
82,0	79,0
82,0	81,0
81,0	82,0
82,0	84,0
81,0	86,0
82,0	88,0
81,0	91,0
81,0	93,0
81,0	95,0
81,0	96,0
81,0	97,0
80,0	98,0
81,0	98,0
80,0	99,0
80,0	99,0
80,0	100,0
80,0	100,0
80,0	101,0
79,0	101,0
78,0	101,0
77,0	102,0
78,0	102,0
77,0	103,0
77,0	103,0
77,0	104,0
77,0	104,0
77,0	104,0
77,0	103,0
77,0	103,0
78,0	102,0
78,0	101,0
81,0	101,0
83,0	100,0
86,0	100,0
90,0	99,0
94,0	98,0
98,0	98,0
102,0	97,0
107,0	97,0
109,0	97,0
111,0	97,0
112,0	97,0
113,0	96,0
113,0	96,0
113,0	95,0
112,0	94,0
112,0	94,0
111,0	94,0
109,0	93,0
109,0	93,0
107,0	93,0
107,0	92,0
107,0	92,0
105,0	91,0
105,0	91,0
104,0	91,0
104,0	90,0
103,0	90,0
102,0	89,0
100,0	89,0
98,0	89,0
97,0	88,0
96,0	88,0
95,0	88,0
94,0	87,0
93,0	87,0
93,0	87,0
91,0	86,0
92,0	86,0
92,0	86,0
93,0	86,0
93,0	86,0
93,0	85,0
93,0	85,0
93,0	84,0
92,0	84,0
92,0	83,0
92,0	83,0
93,0	83,0
92,0	83,0
92,0	83,0
91,0	83,0
91,0	82,0
90,0	82,0
90,0	82,0
90,0	82,0
90,0	82,0
89,0	81,0
87,0	81,0
88,0	81,0
87,0	80,0
86,0	80,0
87,0	80,0
86,0	80,0
85,0	80,0
85,0	80,0
84,0	79,0
84,0	79,0
84,0	79,0
84,0	78,0
84,0	78,0
84,0	78,0
84,0	78,0
83,0	78,0
83,0	77,0
82,0	78,0
82,0	78,0
82,0	79,0
82,0	80,0
82,0	82,0
81,0	84,0
82,0	86,0
82,0	88,0
81,0	90,0
81,0	92,0
81,0	94,0
80,0	95,0
81,0	96,0
81,0	97,0
81,0	98,0
80,0	98,0
79,0	99,0
79,0	99,0
80,0	100,0
79,0	100,0
80,0	101,0
79,0	102,0
78,0	102,0
78,0	103,0
77,0	103,0
77,0	103,0
77,0	103,0
77,0	104,0
76,0	103,0
76,0	103,0
76,0	103,0
76,0	102,0
78,0	102,0
79,0	101,0
82,0	100,0
86,0	100,0
90,0	99,0
95,0	98,0
98,0	98,0
101,0	97,0
105,0	97,0
109,0	97,0
110,0	96,0
111,0	96,0
112,0	95,0
113,0	95,0
112,0	95,0
113,0	95,0
112,0	94,0
111,0	94,0
110,0	93,0
109,0	92,0
109,0	92,0
108,0	92,0
107,0	91,0
107,0	91,0
105,0	90,0
104,0	90,0
104,0	89,0
103,0	89,0
101,0	89,0
100,0	88,0
99,0	88,0
98,0	88,0
97,0	88,0
95,0	87,0
93,0	87,0
92,0	86,0
91,0	86,0
92,0	86,0
92,0	85,0
92,0	85,0
91,0	84,0
91,0	84,0
91,0	84,0
92,0	84,0
92,0	83,0
93,0	83,0
92,0	83,0
92,0	83,0
93,0	82,0
91,0	82,0
91,0	82,0
91,0	81,0
91,0	81,0
90,0	81,0
90,0	81,0
88,0	81,0
88,0	80,0
88,0	80,0
87,0	80,0
87,0	80,0
87,0	80,0
86,0	79,0
86,0	79,0
84,0	79,0
86,0	79,0
85,0	78,0
84,0	78,0
84,0	78,0
84,0	78,0
83,0	77,0
82,0	77,0
82,0	77,0
82,0	76,0
81,0	76,0
82,0	76,0
82,0	76,0
81,0	76,0
81,0	76,0
80,0	76,0
81,0	77,0
80,0	79,0
80,0	81,0
80,0	83,0
81,0	85,0
80,0	87,0
80,0	89,0
79,0	91,0
80,0	93,0
80,0	94,0
80,0	95,0
80,0	96,0
79,0	96,0
78,0	97,0
78,0	97,0
78,0	98,0
78,0	98,0
78,0	99,0
77,0	100,0
76,0	100,0
77,0	101,0
76,0	101,0
75,0	102,0
75,0	102,0
75,0	102,0
75,0	102,0
74,0	102,0
74,0	102,0
74,0	101,0
75,0	100,0
76,0	100,0
78,0	99,0
81,0	98,0
85,0	98,0
89,0	97,0
93,0	96,0
97,0	96,0
101,0	96,0
105,0	95,0
108,0	95,0
109,0	95,0
110,0	95,0
112,0	94,0
112,0	94,0
111,0	93,0
111,0	93,0
110,0	92,0
110,0	92,0
108,0	91,0
108,0	91,0
107,0	91,0
106,0	90,0
105,0	90,0
105,0	89,0
104,0	89,0
103,0	89,0
102,0	88,0
101,0	88,0
100,0	88,0
98,0	88,0
96,0	87,0
95,0	87,0
93,0	86,0
92,0	86,0
91,0	86,0
91,0	86,0
90,0	86,0
89,0	85,0
90,0	85,0
90,0	84,0
90,0	84,0
91,0	83,0
92,0	83,0
91,0	83,0
91,0	83,0
91,0	82,0
91,0	82,0
91,0	82,0
91,0	81,0
90,0	81,0
90,0	81,0
90,0	81,0
89,0	81,0
89,0	81,0
88,0	80,0
87,0	80,0
87,0	80,0
87,0	80,0
87,0	80,0
87,0	79,0
86,0	79,0
86,0	79,0
84,0	79,0
85,0	78,0
84,0	78,0
84,0	78,0
84,0	77,0
84,0	77,0
83,0	77,0
82,0	77,0
82,0	77,0
81,0	77,0
82,0	76,0
81,0	76,0
81,0	77,0
80,0	77,0
81,0	79,0
80,0	80,0
81,0	82,0
79,0	84,0
79,0	86,0
80,0	89,0
79,0	90,0
80,0	92,0
79,0	94,0
80,0	95,0
80,0	96,0
80,0	96,0
79,0	97,0
80,0	97,0
78,0	98,0
79,0	98,0
78,0	99,0
78,0	100,0
78,0	100,0
77,0	101,0
76,0	101,0
76,0	101,0
77,0	102,0
76,0	102,0
75,0	102,0
76,0	102,0
75,0	102,0
75,0	102,0
75,0	101,0
77,0	100,0
77,0	99,0
80,0	99,0
84,0	98,0
87,0	98,0
91,0	97,0
95,0	97,0
99,0	96,0
104,0	96,0
105,0	96,0
108,0	95,0
110,0	95,0
111,0	95,0
111,0	94,0
110,0	94,0
111,0	93,0
111,0	93,0
110,0	93,0
109,0	92,0
108,0	92,0
108,0	92,0
107,0	91,0
105,0	91,0
105,0	90,0
104,0	90,0
103,0	89,0
104,0	89,0
102,0	89,0
100,0	89,0
99,0	88,0
98,0	88,0
96,0	87,0
94,0	87,0
94,0	87,0
93,0	86,0
91,0	86,0
91,0	86,0
91,0	86,0
91,0	85,0
90,0	85,0
90,0	85,0
91,0	84,0
92,0	84,0
91,0	84,0
91,0	84,0
92,0	84,0
91,0	83,0
91,0	83,0
91,0	82,0
92,0	82,0
91,0	82,0
91,0	82,0
90,0	82,0
89,0	82,0
89,0	81,0
88,0	81,0
89,0	81,0
88,0	81,0
88,0	80,0
87,0	80,0
87,0	80,0
86,0	80,0
85,0	80,0
86,0	79,0
85,0	79,0
84,0	79,0
84,0	78,0
84,0	78,0
83,0	78,0
83,0	78,0
82,0	78,0
83,0	77,0
83,0	77,0
82,0	77,0
82,0	78,0
82,0	78,0
82,0	79,0
82,0	81,0
81,0	83,0
81,0	85,0
81,0	87,0
81,0	89,0
81,0	91,0
81,0	93,0
81,0	95,0
81,0	96,0
80,0	97,0
80,0	98,0
80,0	98,0
79,0	98,0
80,0	99,0
79,0	99,0
79,0	100,0
79,0	100,0
79,0	101,0
78,0	102,0
77,0	102,0
77,0	103,0
77,0	103,0
77,0	103,0
76,0	104,0
76,0	103,0
76,0	103,0
76,0	103,0
76,0	102,0
77,0	102,0
79,0	101,0
81,0	100,0
84,0	99,0
87,0	99,0
92,0	98,0
96,0	98,0
100,0	97,0
104,0	97,0
107,0	97,0
110,0	96,0
111,0	96,0
113,0	96,0
113,0	96,0
113,0	95,0
112,0	95,0
111,0	94,0
112,0	94,0
109,0	93,0
109,0	93,0
108,0	92,0
108,0	92,0
107,0	91,0
107,0	91,0
105,0	91,0
104,0	90,0
105,0	90,0
103,0	90,0
102,0	89,0
101,0	89,0
99,0	89,0
98,0	89,0
95,0	88,0
95,0	88,0
94,0	87,0
92,0	87,0
91,0	87,0
92,0	86,0
91,0	86,0
91,0	86,0
91,0	85,0
91,0	85,0
92,0	85,0
92,0	84,0
93,0	84,0
93,0	83,0
92,0	83,0
92,0	83,0
93,0	83,0
92,0	83,0
92,0	82,0
91,0	82,0
90,0	82,0
91,0	82,0
90,0	82,0
90,0	81,0
89,0	81,0
88,0	81,0
88,0	81,0
88,0	80,0
88,0	80,0
87,0	80,0
87,0	80,0
86,0	80,0
85,0	79,0
86,0	79,0
85,0	79,0
84,0	79,0
84,0	78,0
83,0	78,0
83,0	78,0
84,0	78,0
82,0	77,0
83,0	77,0
82,0	77,0
81,0	78,0
81,0	78,0
81,0	79,0
81,0	80,0
81,0	82,0
81,0	84,0
81,0	87,0
80,0	89,0
81,0	91,0
81,0	93,0
81,0	94,0
80,0	96,0
81,0	97,0
81,0	97,0
80,0	98,0
80,0	99,0
79,0	99,0
80,0	99,0
80,0	100,0
78,0	100,0
79,0	101,0
79,0	102,0
78,0	102,0
77,0	103,0
78,0	103,0
77,0	103,0
76,0	103,0
76,0	103,0
76,0	103,0
76,0	102,0
76,0	102,0
77,0	102,0
78,0	101,0
80,0	100,0
83,0	99,0
87,0	98,0
91,0	98,0
95,0	97,0
99,0	97,0
103,0	97,0
106,0	96,0
109,0	96,0
111,0	95,0
112,0	95,0
113,0	95,0
113,0	94,0
113,0	94,0
112,0	93,0
111,0	93,0
111,0	93,0
109,0	92,0
109,0	92,0
108,0	91,0
107,0	91,0
107,0	91,0
105,0	90,0
104,0	90,0
105,0	89,0
102,0	89,0
101,0	89,0
100,0	88,0
99,0	88,0
98,0	88,0
96,0	87,0
94,0	87,0
93,0	86,0
92,0	86,0
91,0	86,0
91,0	85,0
90,0	85,0
91,0	85,0
91,0	85,0
91,0	84,0
90,0	84,0
91,0	83,0
92,0	83,0
91,0	83,0
91,0	82,0
92,0	82,0
91,0	82,0
91,0	81,0
91,0	81,0
91,0	81,0
91,0	81,0
90,0	81,0
89,0	80,0
89,0	80,0
88,0	80,0
88,0	80,0
88,0	80,0
87,0	79,0
86,0	79,0
87,0	79,0
86,0	79,0
85,0	78,0
84,0	78,0
84,0	78,0
84,0	78,0
83,0	77,0
83,0	77,0
82,0	76,0
83,0	76,0
83,0	76,0
81,0	76,0
82,0	76,0
81,0	76,0
81,0	76,0
80,0	76,0
80,0	76,0
79,0	77,0
80,0	78,0
80,0	80,0
80,0	82,0
79,0	84,0
80,0	87,0
80,0	89,0
79,0	91,0
79,0	92,0
80,0	94,0
79,0	95,0
79,0	96,0
79,0	96,0
79,0	97,0
79,0	97,0
78,0	98,0
77,0	98,0
78,0	99,0
77,0	99,0
76,0	100,0
77,0	101,0
75,0	101,0
75,0	102,0
74,0	102,0
76,0	102,0
75,0	102,0
74,0	102,0
74,0	101,0
74,0	101,0
75,0	100,0
76,0	100,0
78,0	99,0
80,0	98,0
84,0	98,0
89,0	97,0
92,0	96,0
96,0	96,0
100,0	96,0
104,0	95,0
107,0	95,0
109,0	95,0
111,0	94,0
112,0	94,0
111,0	94,0
111,0	93,0
111,0	93,0
110,0	92,0
109,0	92,0
109,0	91,0
107,0	91,0
107,0	91,0
106,0	91,0
106,0	90,0
104,0	90,0
104,0	89,0
103,0	89,0
101,0	88,0
101,0	88,0
99,0	88,0
98,0	87,0
97,0	87,0
95,0	86,0
94,0	86,0
92,0	86,0
91,0	85,0
91,0	85,0
90,0	85,0
89,0	85,0
90,0	85,0
90,0	84,0
90,0	84,0
90,0	83,0
91,0	83,0
91,0	82,0
90,0	82,0
91,0	82,0
91,0	82,0
90,0	82,0
90,0	81,0
90,0	81,0
91,0	81,0
90,0	81,0
90,0	81,0
90,0	80,0
88,0	80,0
88,0	80,0
88,0	80,0
87,0	80,0
87,0	79,0
86,0	79,0
85,0	79,0
85,0	78,0
84,0	78,0
84,0	78,0
83,0	78,0
83,0	78,0
83,0	77,0
83,0	77,0
83,0	77,0
82,0	77,0
82,0	77,0
81,0	77,0
81,0	77,0
81,0	78,0
80,0	79,0
80,0	80,0
81,0	82,0
80,0	84,0
80,0	86,0
80,0	89,0
80,0	91,0
80,0	93,0
80,0	94,0
80,0	95,0
80,0	96,0
79,0	96,0
80,0	97,0
80,0	97,0
79,0	98,0
78,0	98,0
78,0	99,0
78,0	100,0
77,0	100,0
77,0	100,0
77,0	101,0
77,0	101,0
76,0	102,0
76,0	102,0
76,0	102,0
76,0	102,0
76,0	101,0
76,0	101,0
75,0	100,0
77,0	100,0
78,0	99,0
81,0	98,0
84,0	98,0
87,0	97,0
91,0	97,0
95,0	96,0
100,0	96,0
103,0	96,0
107,0	95,0
109,0	95,0
110,0	95,0
110,0	94,0
110,0	94,0
111,0	94,0
110,0	93,0
111,0	93,0
109,0	93,0
108,0	92,0
108,0	91,0
107,0	91,0
106,0	91,0
105,0	90,0
105,0	90,0
104,0	90,0
103,0	89,0
102,0	89,0
101,0	88,0
100,0	88,0
97,0	88,0
97,0	88,0
96,0	87,0
94,0	87,0
93,0	86,0
91,0	86,0
91,0	86,0
90,0	85,0
91,0	85,0
91,0	85,0
90,0	84,0
91,0	84,0
90,0	84,0
91,0	84,0
91,0	83,0
91,0	83,0
92,0	82,0
92,0	82,0
92,0	82,0
92,0	82,0
91,0	82,0
90,0	82,0
90,0	81,0
90,0	81,0
90,0	81,0
89,0	81,0
88,0	80,0
87,0	80,0
88,0	80,0
87,0	80,0
86,0	80,0
87,0	80,0
86,0	79,0
85,0	79,0
84,0	79,0
85,0	78,0
83,0	78,0
83,0	78,0
83,0	77,0
83,0	77,0
83,0	77,0
82,0	77,0
81,0	77,0
82,0	77,0
82,0	77,0
81,0	78,0
80,0	79,0
81,0	80,0
80,0	82,0
81,0	84,0
80,0	86,0
80,0	88,0
81,0	91,0
81,0	92,0
80,0	94,0
80,0	95,0
79,0	96,0
80,0	97,0
80,0	98,0
80,0	98,0
79,0	98,0
79,0	99,0
79,0	99,0
79,0	100,0
78,0	100,0
78,0
77,0
76,0
77,0
76,0
75,0
76,0
76,0
75,0
75,0
77,0
78,0
79,0
83,0
87,0
91,0
95,0
98,0
103,0
106,0
107,0
111,0
112,0
113,0
113,0
112,0
111,0
110,0
110,0
108,0
108,0
107,0
107,0
