System ID	Database ID	Patient Number	Surname	First Name	Sex	Date Of Birth	Patient ID	Patient Code	SESSION_ID	SP	DP	MP	DATA_REV	DATETIME	MEDICATION	NOTES	OPERATOR	HEIGHT	WEIGHT	BODY_MASS_INDEX	SAMPLE_RATE	SUB_TYPE	P_MAX_DPDT	ED	QUALITY_ED	P_QC_PH	P_QC_PHV	P_QC_PLV	P_QC_DV	P_SP	P_DP	P_MEANP	P_T1	P_T2	P_AI	ED	CalcED	P_ESP	P_P1	P_P2	P_T1ED	P_T2ED	P_QUALITY_T1	P_QUALITY_T2	C_AP	C_MPS	C_MPD	C_TTI	C_DTI	C_SVI	HR	C_PERIOD	C_DD	C_ED_PERIOD	C_DD_PERIOD	C_PH	C_AGPH	C_AGPH_HR75	C_P1_HEIGHT	C_T1R	C_CO_TTIME	C_CO_AREA_A	C_CO_AREA_B	C_CO_AREA_C	C_CO_AREA_D	C_CO_MP_A	C_CO_MP_C	C_SP	C_DP	C_MEANP	C_T1	C_T2	C_AI	ED	CalcED	C_ESP	C_P1	C_P2	C_T1ED	C_T2ED	C_QUALITY_T1	C_QUALITY_T2
00516	DATA	5371	Jechorek	Wojciech	MALE	24-02-1959	awr0600		1	100	62	0	120	08-07-2014 10:05:36		awr0a		180	72	22,22	128	RADIAL	559	316	0	40	3	2	5	100	62	74	108	214	68	316	316	75	100	88	34	68	1	1	5	82	70	1769	2683	152	68	883	566	36	64	27	17	14	22	145	80	-9999	-9999	-9999	-9999	-9999	-9999	89	62	74	111	211	121	316	316	81	85	89	35	67	1	1

PeriphSignal 	 CentralSignal 	 PeriphPulse 	 CentralPulse 
81,0	73,0	62,09	62,35
79,0	73,0	63,36	63,04
79,0	73,0	65,23	64,09
78,0	72,0	67,88	65,56
76,0	72,0	71,2	67,4
76,0	72,0	75,08	69,56
75,0	71,0	79,29	71,91
75,0	71,0	83,65	74,3
75,0	71,0	87,8	76,6
76,0	70,0	91,52	78,69
76,0	70,0	94,65	80,47
75,0	69,0	97,0	81,9
76,0	69,0	98,59	83,02
76,0	69,0	99,39	83,84
76,0	68,0	99,58	84,44
76,0	68,0	99,23	84,9
76,0	68,0	98,61	85,29
76,0	67,0	97,7	85,69
76,0	67,0	96,71	86,12
76,0	67,0	95,66	86,59
76,0	66,0	94,56	87,08
76,0	66,0	93,44	87,58
75,0	66,0	92,4	88,03
76,0	66,0	91,38	88,43
75,0	65,0	90,4	88,76
74,0	65,0	89,6	89,0
74,0	65,0	88,78	89,15
74,0	65,0	87,96	89,2
73,0	64,0	87,14	89,15
72,0	64,0	86,37	88,99
72,0	64,0	85,55	88,73
71,0	64,0	84,61	88,35
72,0	64,0	83,63	87,87
72,0	64,0	82,62	87,27
70,0	64,0	81,46	86,58
70,0	63,0	80,23	85,8
70,0	63,0	79,11	84,98
69,0	63,0	77,95	84,14
69,0	62,0	76,92	83,32
68,0	62,0	76,03	82,54
68,0	63,0	75,33	81,82
68,0	63,0	74,77	81,16
67,0	64,0	74,45	80,58
66,0	66,0	74,2	80,06
67,0	68,0	74,1	79,6
66,0	71,0	74,14	79,2
65,0	73,0	74,23	78,83
65,0	76,0	74,37	78,48
65,0	78,0	74,51	78,15
65,0	80,0	74,68	77,81
64,0	82,0	74,79	77,47
64,0	83,0	74,94	77,14
64,0	84,0	75,01	76,81
65,0	85,0	75,09	76,51
64,0	86,0	75,07	76,21
64,0	86,0	74,93	75,91
63,0	86,0	74,75	75,62
64,0	87,0	74,54	75,32
64,0	87,0	74,27	75,03
63,0	88,0	73,98	74,74
64,0	89,0	73,68	74,46
63,0	89,0	73,31	74,19
63,0	90,0	72,99	73,91
63,0	90,0	72,57	73,64
64,0	90,0	72,16	73,35
63,0	91,0	71,67	73,05
63,0	91,0	71,2	72,74
62,0	91,0	70,7	72,44
62,0	91,0	70,27	72,13
61,0	91,0	69,78	71,82
62,0	91,0	69,37	71,52
62,0	90,0	68,99	71,21
64,0	89,0	68,53	70,87
67,0	89,0	68,05	70,53
69,0	88,0	67,66	70,19
73,0	87,0	67,28	69,86
78,0	86,0	66,88	69,53
83,0	86,0	66,55	69,2
87,0	85,0	66,22	68,87
92,0	84,0	65,9	68,54
96,0	83,0	65,62	68,2
98,0	82,0	65,24	67,85
100,0	82,0	64,94	67,51
102,0	81,0	64,7	67,17
102,0	80,0	64,42	66,84
102,0	80,0	64,13	66,53
101,0	80,0	63,94	66,21
100,0	80,0	63,7	65,9
100,0	79,0	63,45	65,61
98,0	79,0	63,19	65,33
98,0	78,0	63,04	65,05
96,0	78,0	62,87	64,81
95,0	78,0	62,76	64,58
94,0	77,0	62,64	64,35
93,0	77,0	62,48	64,11
92,0	77,0	62,31	63,88
91,0	76,0	62,18	63,66
91,0	76,0	62,06	63,46
90,0	76,0	61,95	63,29
89,0	75,0	61,97	63,15
88,0	75,0	61,89	63,01
88,0	75,0	61,78	62,86
87,0	74,0	61,68	62,71
85,0	74,0	61,62	62,55
84,0	74,0	61,5	62,39
83,0	73,0	61,43	62,23
82,0	73,0	61,31	62,07
80,0	73,0	61,1	61,91
80,0	73,0	60,93	61,76
78,0	72,0	60,78	61,63
78,0	72,0	60,79	61,59
76,0	71,0	60,97	61,64
76,0	71,0	61,19	61,76
75,0	71,0	61,64	62,01
75,0	70,0
75,0	70,0
74,0	70,0
76,0	69,0
76,0	69,0
76,0	69,0
75,0	69,0
76,0	68,0
76,0	68,0
76,0	67,0
76,0	67,0
76,0	67,0
76,0	66,0
75,0	66,0
75,0	65,0
76,0	65,0
74,0	65,0
74,0	65,0
74,0	65,0
74,0	64,0
73,0	64,0
72,0	64,0
72,0	64,0
72,0	63,0
72,0	63,0
71,0	63,0
71,0	63,0
69,0	63,0
69,0	63,0
69,0	63,0
69,0	62,0
68,0	62,0
67,0	62,0
68,0	62,0
67,0	62,0
67,0	62,0
66,0	62,0
67,0	62,0
67,0	63,0
65,0	65,0
65,0	67,0
65,0	69,0
65,0	72,0
65,0	74,0
64,0	77,0
63,0	79,0
63,0	81,0
63,0	83,0
64,0	84,0
63,0	84,0
63,0	85,0
62,0	85,0
63,0	86,0
62,0	86,0
62,0	86,0
63,0	87,0
63,0	87,0
63,0	88,0
63,0	89,0
62,0	89,0
62,0	89,0
62,0	89,0
62,0	89,0
62,0	89,0
61,0	89,0
61,0	89,0
62,0	89,0
61,0	89,0
63,0	88,0
65,0	88,0
67,0	87,0
72,0	86,0
77,0	85,0
81,0	84,0
85,0	83,0
90,0	82,0
94,0	81,0
97,0	80,0
100,0	80,0
101,0	80,0
101,0	79,0
101,0	79,0
101,0	78,0
100,0	78,0
98,0	78,0
97,0	77,0
96,0	77,0
96,0	76,0
94,0	76,0
93,0	76,0
92,0	75,0
91,0	75,0
89,0	75,0
88,0	75,0
89,0	74,0
88,0	74,0
86,0	74,0
85,0	73,0
85,0	73,0
84,0	73,0
83,0	72,0
82,0	72,0
80,0	72,0
79,0	71,0
78,0	71,0
76,0	71,0
75,0	71,0
74,0	70,0
74,0	70,0
74,0	70,0
74,0	69,0
74,0	69,0
74,0	68,0
74,0	68,0
74,0	68,0
75,0	67,0
74,0	67,0
74,0	67,0
74,0	66,0
74,0	66,0
75,0	66,0
74,0	65,0
74,0	65,0
74,0	64,0
75,0	64,0
74,0	64,0
73,0	64,0
74,0	64,0
72,0	63,0
73,0	63,0
71,0	63,0
72,0	63,0
71,0	63,0
71,0	62,0
70,0	62,0
69,0	62,0
70,0	62,0
69,0	61,0
68,0	61,0
68,0	61,0
67,0	61,0
67,0	61,0
67,0	61,0
66,0	61,0
65,0	60,0
65,0	60,0
66,0	60,0
64,0	60,0
64,0	60,0
65,0	60,0
63,0	61,0
63,0	62,0
63,0	63,0
63,0	65,0
62,0	67,0
62,0	70,0
62,0	73,0
63,0	75,0
62,0	78,0
61,0	79,0
62,0	81,0
62,0	82,0
62,0	82,0
62,0	83,0
61,0	83,0
61,0	84,0
61,0	84,0
61,0	85,0
61,0	85,0
60,0	85,0
60,0	86,0
61,0	86,0
61,0	86,0
60,0	87,0
60,0	87,0
60,0	87,0
59,0	87,0
60,0	87,0
60,0	87,0
60,0	87,0
60,0	87,0
62,0	86,0
64,0	85,0
67,0	85,0
70,0	84,0
74,0	83,0
79,0	82,0
84,0	81,0
89,0	80,0
93,0	80,0
95,0	79,0
98,0	79,0
99,0	78,0
99,0	77,0
98,0	77,0
99,0	77,0
98,0	77,0
97,0	76,0
95,0	76,0
94,0	76,0
93,0	76,0
91,0	75,0
90,0	75,0
89,0	75,0
88,0	75,0
87,0	74,0
87,0	74,0
86,0	73,0
85,0	73,0
84,0	73,0
84,0	72,0
83,0	72,0
82,0	72,0
80,0	72,0
80,0	72,0
78,0	71,0
77,0	71,0
76,0	71,0
74,0	70,0
74,0	70,0
74,0	70,0
73,0	70,0
73,0	69,0
72,0	69,0
72,0	68,0
73,0	68,0
74,0	67,0
73,0	67,0
74,0	67,0
74,0	66,0
74,0	66,0
75,0	66,0
75,0	65,0
75,0	65,0
75,0	65,0
74,0	65,0
74,0	64,0
74,0	64,0
74,0	63,0
72,0	63,0
72,0	63,0
72,0	63,0
72,0	63,0
72,0	63,0
71,0	62,0
70,0	62,0
70,0	62,0
70,0	61,0
69,0	61,0
68,0	61,0
69,0	61,0
68,0	61,0
68,0	61,0
66,0	61,0
66,0	60,0
66,0	60,0
66,0	60,0
65,0	60,0
64,0	60,0
65,0	60,0
64,0	60,0
63,0	60,0
63,0	60,0
63,0	61,0
63,0	62,0
63,0	64,0
63,0	66,0
62,0	68,0
62,0	71,0
62,0	73,0
61,0	76,0
62,0	78,0
62,0	80,0
62,0	81,0
61,0	82,0
61,0	83,0
61,0	83,0
61,0	83,0
60,0	83,0
61,0	84,0
61,0	84,0
60,0	85,0
61,0	85,0
61,0	86,0
60,0	86,0
59,0	87,0
60,0	87,0
60,0	87,0
59,0	88,0
59,0	88,0
59,0	87,0
59,0	87,0
60,0	87,0
60,0	86,0
62,0	86,0
65,0	85,0
68,0	84,0
72,0	84,0
76,0	83,0
81,0	82,0
86,0	81,0
90,0	80,0
93,0	79,0
97,0	78,0
98,0	78,0
99,0	77,0
99,0	77,0
99,0	77,0
98,0	76,0
97,0	76,0
95,0	76,0
94,0	75,0
93,0	75,0
92,0	75,0
91,0	75,0
90,0	74,0
89,0	74,0
88,0	74,0
88,0	73,0
87,0	73,0
86,0	72,0
86,0	72,0
84,0	72,0
84,0	72,0
83,0	72,0
81,0	71,0
80,0	71,0
80,0	71,0
78,0	70,0
76,0	70,0
76,0	70,0
74,0	69,0
74,0	69,0
72,0	69,0
72,0	68,0
72,0	68,0
72,0	67,0
72,0	67,0
72,0	67,0
73,0	67,0
72,0	66,0
73,0	66,0
73,0	66,0
72,0	65,0
73,0	65,0
74,0	65,0
74,0	64,0
74,0	64,0
73,0	64,0
72,0	63,0
72,0	63,0
72,0	63,0
72,0	62,0
72,0	62,0
71,0	62,0
70,0	62,0
71,0	62,0
70,0	61,0
70,0	61,0
69,0	61,0
68,0	61,0
68,0	60,0
68,0	60,0
67,0	60,0
66,0	60,0
67,0	60,0
65,0	60,0
65,0	60,0
65,0	59,0
65,0	59,0
65,0	59,0
64,0	59,0
63,0	59,0
64,0	59,0
64,0	59,0
63,0	59,0
63,0	59,0
62,0	59,0
62,0	60,0
62,0	60,0
62,0	62,0
61,0	63,0
60,0	66,0
61,0	68,0
61,0	71,0
60,0	73,0
61,0	75,0
61,0	78,0
60,0	79,0
60,0	81,0
60,0	81,0
60,0	82,0
59,0	82,0
60,0	82,0
60,0	82,0
60,0	83,0
59,0	84,0
59,0	84,0
59,0	85,0
59,0	85,0
59,0	86,0
59,0	86,0
59,0	86,0
59,0	87,0
59,0	87,0
59,0	87,0
58,0	86,0
59,0	86,0
59,0	86,0
60,0	85,0
63,0	85,0
64,0	84,0
68,0	83,0
72,0	82,0
77,0	81,0
81,0	81,0
86,0	80,0
90,0	79,0
93,0	78,0
96,0	78,0
98,0	77,0
98,0	77,0
98,0	76,0
98,0	76,0
96,0	76,0
95,0	75,0
94,0	75,0
94,0	74,0
93,0	74,0
91,0	74,0
90,0	74,0
89,0	73,0
88,0	73,0
88,0	73,0
87,0	72,0
86,0	72,0
85,0	72,0
84,0	72,0
83,0	71,0
82,0	71,0
81,0	71,0
81,0	71,0
78,0	70,0
77,0	70,0
77,0	70,0
75,0	69,0
74,0	69,0
74,0	68,0
72,0	68,0
72,0	68,0
72,0	68,0
71,0	67,0
71,0	67,0
72,0	67,0
72,0	66,0
72,0	66,0
72,0	66,0
72,0	65,0
72,0	65,0
72,0	64,0
72,0	64,0
73,0	64,0
73,0	64,0
72,0	63,0
72,0	63,0
72,0	63,0
72,0	63,0
72,0	62,0
71,0	62,0
71,0	62,0
71,0	61,0
70,0	61,0
70,0	61,0
70,0	61,0
69,0	60,0
69,0	60,0
67,0	60,0
67,0	60,0
67,0	60,0
66,0	60,0
66,0	59,0
65,0	59,0
65,0	59,0
65,0	59,0
64,0	59,0
65,0	59,0
63,0	59,0
64,0	59,0
63,0	58,0
62,0	58,0
62,0	58,0
62,0	58,0
62,0	58,0
62,0	58,0
62,0	59,0
61,0	60,0
61,0	61,0
61,0	63,0
61,0	65,0
61,0	68,0
60,0	70,0
60,0	73,0
60,0	75,0
60,0	77,0
59,0	78,0
59,0	79,0
59,0	80,0
60,0	81,0
59,0	81,0
59,0	81,0
59,0	82,0
59,0	82,0
58,0	83,0
59,0	83,0
59,0	84,0
59,0	84,0
58,0	85,0
58,0	85,0
59,0	85,0
58,0	85,0
57,0	85,0
58,0	85,0
58,0	85,0
58,0	85,0
58,0	85,0
59,0	84,0
62,0	84,0
63,0	83,0
68,0	82,0
72,0	81,0
76,0	80,0
81,0	79,0
86,0	78,0
90,0	78,0
92,0	77,0
95,0	77,0
96,0	76,0
97,0	76,0
97,0	76,0
96,0	75,0
95,0	75,0
95,0	74,0
94,0	74,0
92,0	74,0
91,0	73,0
89,0	73,0
89,0	73,0
88,0	73,0
87,0	72,0
86,0	72,0
85,0	72,0
84,0	72,0
84,0	71,0
83,0	71,0
82,0	71,0
82,0	70,0
80,0	70,0
79,0	70,0
78,0	69,0
77,0	69,0
75,0	69,0
74,0	69,0
73,0	68,0
72,0	68,0
71,0	68,0
71,0	68,0
71,0	67,0
71,0	67,0
71,0	67,0
71,0	66,0
71,0	66,0
71,0	65,0
71,0	65,0
72,0	65,0
72,0	65,0
71,0	64,0
72,0	64,0
72,0	64,0
72,0	63,0
72,0	63,0
72,0	63,0
72,0	62,0
71,0	62,0
71,0	62,0
71,0	61,0
70,0	61,0
70,0	61,0
69,0	61,0
69,0	61,0
69,0	60,0
68,0	60,0
68,0	60,0
67,0	60,0
67,0	60,0
66,0	60,0
66,0	59,0
66,0	59,0
65,0	59,0
65,0	59,0
64,0	59,0
64,0	59,0
63,0	59,0
63,0	58,0
63,0	58,0
63,0	58,0
62,0	58,0
62,0	58,0
62,0	58,0
62,0	59,0
62,0	59,0
60,0	60,0
61,0	62,0
61,0	64,0
60,0	66,0
60,0	68,0
60,0	71,0
60,0	73,0
60,0	76,0
60,0	77,0
59,0	79,0
59,0	80,0
59,0	80,0
60,0	81,0
59,0	81,0
59,0	81,0
59,0	81,0
59,0	82,0
59,0	82,0
59,0	83,0
59,0	83,0
59,0	84,0
59,0	84,0
58,0	85,0
58,0	85,0
58,0	85,0
58,0	85,0
58,0	85,0
58,0	85,0
59,0	84,0
59,0	84,0
61,0	83,0
62,0	83,0
65,0	82,0
69,0	81,0
73,0	81,0
78,0	80,0
82,0	79,0
87,0	78,0
90,0	78,0
94,0	77,0
95,0	77,0
97,0	77,0
96,0	76,0
97,0	76,0
96,0	75,0
94,0	75,0
93,0	74,0
92,0	74,0
92,0	74,0
90,0	74,0
89,0	73,0
87,0	73,0
87,0	73,0
86,0	72,0
85,0	72,0
85,0	72,0
84,0	72,0
83,0	72,0
82,0	72,0
81,0	71,0
80,0	71,0
79,0	70,0
78,0	70,0
77,0	70,0
75,0	70,0
75,0	69,0
74,0	69,0
73,0	68,0
72,0	68,0
72,0	68,0
72,0	68,0
72,0	67,0
72,0	67,0
72,0	67,0
71,0	66,0
72,0	66,0
72,0	66,0
72,0	66,0
72,0	65,0
72,0	65,0
73,0	64,0
73,0	64,0
72,0	64,0
72,0	63,0
72,0	63,0
72,0	63,0
71,0	63,0
72,0	62,0
71,0	62,0
72,0	62,0
71,0	62,0
70,0	61,0
69,0	61,0
69,0	61,0
69,0	61,0
69,0	61,0
68,0	60,0
67,0	60,0
66,0	60,0
66,0	60,0
67,0	60,0
66,0	60,0
66,0	59,0
64,0	59,0
64,0	59,0
64,0	59,0
64,0	59,0
64,0	59,0
64,0	58,0
63,0	58,0
62,0	58,0
62,0	59,0
62,0	59,0
62,0	60,0
62,0	61,0
61,0	63,0
61,0	65,0
61,0	68,0
61,0	70,0
60,0	73,0
60,0	75,0
61,0	77,0
60,0	78,0
60,0	80,0
60,0	81,0
59,0	81,0
60,0	82,0
60,0	82,0
60,0	82,0
59,0	83,0
60,0	84,0
59,0	84,0
59,0	85,0
59,0	85,0
59,0	86,0
59,0	86,0
59,0	86,0
58,0	86,0
58,0	86,0
58,0	86,0
58,0	86,0
58,0	86,0
59,0	86,0
59,0	86,0
62,0	85,0
64,0	85,0
68,0	84,0
72,0	83,0
76,0	82,0
81,0	81,0
85,0	80,0
89,0	80,0
92,0	79,0
95,0	79,0
97,0	78,0
97,0	77,0
97,0	77,0
97,0	77,0
96,0	76,0
96,0	76,0
94,0	76,0
94,0	76,0
93,0	75,0
92,0	75,0
90,0	74,0
89,0	74,0
89,0	74,0
87,0	73,0
86,0	73,0
86,0	73,0
85,0	73,0
85,0	72,0
83,0	72,0
84,0	72,0
82,0	72,0
82,0	71,0
80,0	71,0
78,0	70,0
78,0	70,0
76,0	70,0
75,0	70,0
75,0	70,0
74,0	69,0
74,0	69,0
73,0	69,0
72,0	68,0
72,0	68,0
72,0	68,0
72,0	68,0
73,0	67,0
73,0	67,0
73,0	67,0
74,0	66,0
73,0	66,0
74,0	66,0
73,0	65,0
73,0	65,0
73,0	65,0
72,0	64,0
72,0	64,0
72,0	64,0
73,0	64,0
72,0	63,0
72,0	63,0
72,0	63,0
71,0	63,0
70,0	62,0
70,0	62,0
69,0	62,0
69,0	61,0
69,0	61,0
69,0	61,0
68,0	61,0
67,0	61,0
67,0	61,0
67,0	61,0
66,0	61,0
66,0	61,0
66,0	60,0
66,0	60,0
65,0	60,0
65,0	60,0
64,0	60,0
65,0	60,0
64,0	60,0
64,0	61,0
63,0	62,0
62,0	63,0
63,0	65,0
63,0	67,0
62,0	69,0
62,0	72,0
62,0	74,0
62,0	77,0
62,0	79,0
62,0	80,0
62,0	81,0
60,0	82,0
61,0	83,0
60,0	83,0
61,0	84,0
60,0	84,0
60,0	84,0
61,0	85,0
61,0	85,0
60,0	86,0
61,0	86,0
61,0	87,0
61,0	87,0
60,0	88,0
59,0	88,0
60,0	88,0
60,0	88,0
60,0	88,0
60,0	88,0
61,0	87,0
62,0	87,0
63,0	87,0
66,0	86,0
69,0	85,0
73,0	84,0
77,0	83,0
83,0	83,0
87,0	82,0
91,0	81,0
94,0	80,0
96,0	80,0
98,0	79,0
98,0	78,0
99,0	78,0
99,0	78,0
98,0	77,0
97,0	77,0
95,0	77,0
95,0	76,0
93,0	76,0
92,0	76,0
92,0	76,0
90,0	75,0
90,0	75,0
89,0	75,0
89,0	75,0
87,0	74,0
87,0	74,0
86,0	73,0
85,0	73,0
85,0	73,0
83,0	73,0
82,0	73,0
82,0	72,0
80,0	72,0
79,0	72,0
77,0	71,0
77,0	71,0
76,0	71,0
75,0	70,0
74,0	70,0
73,0	70,0
74,0	70,0
73,0	69,0
73,0	69,0
74,0	68,0
73,0	68,0
74,0	68,0
74,0	67,0
74,0	67,0
74,0	67,0
74,0	66,0
75,0	66,0
74,0	65,0
74,0	65,0
75,0	65,0
75,0	65,0
74,0	65,0
74,0	65,0
73,0	64,0
72,0	64,0
73,0	63,0
72,0	63,0
72,0	63,0
72,0	63,0
71,0	63,0
70,0	62,0
69,0	62,0
69,0	62,0
69,0	62,0
69,0	62,0
68,0	62,0
68,0	61,0
67,0	61,0
68,0	61,0
66,0	61,0
67,0	61,0
65,0	61,0
65,0	60,0
65,0	60,0
65,0	60,0
65,0	61,0
64,0	62,0
63,0	64,0
63,0	65,0
63,0	68,0
64,0	70,0
63,0	72,0
63,0	75,0
63,0	77,0
63,0	79,0
62,0	80,0
62,0	82,0
62,0	82,0
61,0	83,0
62,0	83,0
61,0	84,0
62,0	84,0
62,0	84,0
62,0	85,0
62,0	86,0
62,0	86,0
61,0	86,0
60,0	87,0
61,0	87,0
61,0	87,0
61,0	88,0
61,0	88,0
60,0	88,0
60,0	88,0
59,0	87,0
60,0	87,0
62,0	87,0
64,0	86,0
67,0	85,0
69,0	85,0
74,0	84,0
78,0	83,0
83,0	82,0
87,0	81,0
91,0	81,0
94,0	80,0
97,0	80,0
98,0	79,0
99,0	79,0
99,0	78,0
98,0	78,0
98,0	78,0
97,0	77,0
96,0	77,0
94,0	76,0
94,0	76,0
93,0	76,0
91,0	76,0
90,0	75,0
90,0	75,0
89,0	75,0
87,0	75,0
87,0	75,0
86,0
86,0
84,0
84,0
83,0
82,0
80,0
79,0
78,0
77,0
76,0
75,0
74,0
74,0
74,0
74,0
74,0
74,0
74,0
74,0
75,0
75,0
74,0
74,0
75,0
75,0
75,0
75,0
75,0
75,0
75,0
74,0
73,0
